882 0
17 1
415 2
447 3
127 4
622 5
72 6
13 7
321 8
230 9
6 10
46 11
86 12
211 13
728 14
630 15
18 16
232 17
10 18
576 19
615 20
345 21
504 22
480 23
758 24
733 25
702 26
239 27
521 28
37 29
934 30
599 31
625 32
668 33
669 34
36 35
19 36
4 37
670 38
171 39
52 40
56 41
286 42
354 43
47 44
883 45
138 46
202 47
58 48
121 49
179 50
22 51
398 52
352 53
11 54
656 55
101 56
89 57
82 58
278 59
382 60
434 61
21 62
12 63
608 64
169 65
713 66
200 67
465 68
136 69
55 70
423 71
26 72
134 73
957 74
371 75
839 76
475 77
723 78
191 79
483 80
41 81
633 82
533 83
585 84
718 85
154 86
502 87
848 88
80 89
431 90
73 91
108 92
739 93
896 94
563 95
562 96
7 97
458 98
344 99
20 100
459 101
24 102
636 103
641 104
366 105
799 106
537 107
924 108
178 109
589 110
860 111
443 112
343 113
83 114
306 115
380 116
61 117
30 118
57 119
588 120
440 121
384 122
105 123
25 124
70 125
349 126
639 127
727 128
32 129
150 130
394 131
79 132
244 133
515 134
53 135
99 136
106 137
176 138
216 139
705 140
529 141
97 142
560 143
95 144
137 145
257 146
201 147
898 148
919 149
125 150
90 151
665 152
342 153
408 154
535 155
320 156
85 157
732 158
1 159
442 160
698 161
60 162
531 163
451 164
113 165
731 166
119 167
935 168
59 169
92 170
661 171
8 172
237 173
596 174
793 175
612 176
337 177
492 178
527 179
69 180
616 181
213 182
805 183
367 184
66 185
907 186
5 187
174 188
870 189
871 190
730 191
905 192
692 193
477 194
206 195
666 196
938 197
597 198
432 199
825 200
424 201
503 202
577 203
487 204
717 205
188 206
815 207
833 208
546 209
627 210
464 211
703 212
217 213
607 214
74 215
111 216
722 217
854 218
140 219
635 220
628 221
809 222
39 223
626 224
94 225
598 226
170 227
336 228
910 229
682 230
573 231
277 232
874 233
333 234
470 235
413 236
930 237
391 238
858 239
865 240
556 241
324 242
156 243
223 244
868 245
851 246
933 247
530 248
523 249
752 250
520 251
496 252
594 253
581 254
215 255
34 256
473 257
195 258
403 259
695 260
902 261
266 262
42 263
288 264
182 265
3 266
943 267
405 268
376 269
273 270
